pos.x, pos.y, tex.x, tex,y, col.r, col.g, col.b ,col.a

TL
0.000000 0.000000 0.001953 0.493164 1.000000 1.000000 1.000000 1.000000
TR
700.000000 0.000000 0.501953 0.493164 1.000000 1.000000 1.000000 1.000000
BL
0.000000 480.000000 0.001953 0.993164 1.000000 1.000000 1.000000 1.000000
BR
700.000000 480.000000 0.501953 0.993164 1.000000 1.000000 1.000000 1.000000


TL
529.000000 155.000000 0.187500 0.323242 1.000000 1.000000 1.000000 1.000000
TR
615.400024 155.000000 0.292969 0.323242 1.000000 1.000000 1.000000 1.000000
BL
529.000000 292.600006 0.187500 0.491211 1.000000 1.000000 1.000000 1.000000
BR
615.400024 292.600006 0.292969 0.491211 1.000000 1.000000 1.000000 1.000000

